x_min: 257
x_max: 438
y_min: 197
y_max: 379

#BEGIN centres des spots
350,222
327,244
370,244
349,244
392,244
307,244
327,266
369,267
348,266
285,267
306,267
391,268
283,289
326,288
347,289
370,289
304,288
390,290
413,290
282,309
303,310
325,310
347,311
369,311
390,312
410,312
282,331
302,332
324,332
346,333
368,333
389,333
302,353
345,354
366,354
388,354
324,354
#END centres des spots

#BEGIN grille
# Lignes verticales : x1,y1,x2,y2
272.25,211.0,272.25,365.0
293.5,211.0,293.5,365.0
315.0,211.0,315.0,365.0
336.5,211.0,336.5,365.0
358.5,211.0,358.5,365.0
380.0,211.0,380.0,365.0
401.5,211.0,401.5,365.0
423.75,211.0,423.75,365.0
# Lignes horizontales : x1,y1,x2,y2
272.25,211.0,423.75,211.0
272.25,233.0,423.75,233.0
272.25,255.0,423.75,255.0
272.25,277.5,423.75,277.5
272.25,300.0,423.75,300.0
272.25,322.0,423.75,322.0
272.25,343.5,423.75,343.5
272.25,365.0,423.75,365.0
#END grille

#BEGIN cellules de grille
# Format : cx,cy,has_spot(0/1),x_min,y_min,x_max,y_max,xspot,yspot
282.875,222.0,0,272.25,211.0,293.5,233.0,0.0,0.0
304.25,222.0,0,293.5,211.0,315.0,233.0,0.0,0.0
325.75,222.0,0,315.0,211.0,336.5,233.0,0.0,0.0
347.5,222.0,1,336.5,211.0,358.5,233.0,350,222
369.25,222.0,0,358.5,211.0,380.0,233.0,0.0,0.0
390.75,222.0,0,380.0,211.0,401.5,233.0,0.0,0.0
412.625,222.0,0,401.5,211.0,423.75,233.0,0.0,0.0
282.875,244.0,0,272.25,233.0,293.5,255.0,0.0,0.0
304.25,244.0,1,293.5,233.0,315.0,255.0,307,244
325.75,244.0,1,315.0,233.0,336.5,255.0,327,244
347.5,244.0,1,336.5,233.0,358.5,255.0,349,244
369.25,244.0,1,358.5,233.0,380.0,255.0,370,244
390.75,244.0,1,380.0,233.0,401.5,255.0,392,244
412.625,244.0,0,401.5,233.0,423.75,255.0,0.0,0.0
282.875,266.25,1,272.25,255.0,293.5,277.5,285,267
304.25,266.25,1,293.5,255.0,315.0,277.5,306,267
325.75,266.25,1,315.0,255.0,336.5,277.5,327,266
347.5,266.25,1,336.5,255.0,358.5,277.5,348,266
369.25,266.25,1,358.5,255.0,380.0,277.5,369,267
390.75,266.25,1,380.0,255.0,401.5,277.5,391,268
412.625,266.25,0,401.5,255.0,423.75,277.5,0.0,0.0
282.875,288.75,1,272.25,277.5,293.5,300.0,283,289
304.25,288.75,1,293.5,277.5,315.0,300.0,304,288
325.75,288.75,1,315.0,277.5,336.5,300.0,326,288
347.5,288.75,1,336.5,277.5,358.5,300.0,347,289
369.25,288.75,1,358.5,277.5,380.0,300.0,370,289
390.75,288.75,1,380.0,277.5,401.5,300.0,390,290
412.625,288.75,1,401.5,277.5,423.75,300.0,413,290
282.875,311.0,1,272.25,300.0,293.5,322.0,282,309
304.25,311.0,1,293.5,300.0,315.0,322.0,303,310
325.75,311.0,1,315.0,300.0,336.5,322.0,325,310
347.5,311.0,1,336.5,300.0,358.5,322.0,347,311
369.25,311.0,1,358.5,300.0,380.0,322.0,369,311
390.75,311.0,1,380.0,300.0,401.5,322.0,390,312
412.625,311.0,1,401.5,300.0,423.75,322.0,410,312
282.875,332.75,1,272.25,322.0,293.5,343.5,282,331
304.25,332.75,1,293.5,322.0,315.0,343.5,302,332
325.75,332.75,1,315.0,322.0,336.5,343.5,324,332
347.5,332.75,1,336.5,322.0,358.5,343.5,346,333
369.25,332.75,1,358.5,322.0,380.0,343.5,368,333
390.75,332.75,1,380.0,322.0,401.5,343.5,389,333
412.625,332.75,0,401.5,322.0,423.75,343.5,0.0,0.0
282.875,354.25,0,272.25,343.5,293.5,365.0,0.0,0.0
304.25,354.25,1,293.5,343.5,315.0,365.0,302,353
325.75,354.25,1,315.0,343.5,336.5,365.0,324,354
347.5,354.25,1,336.5,343.5,358.5,365.0,345,354
369.25,354.25,1,358.5,343.5,380.0,365.0,366,354
390.75,354.25,1,380.0,343.5,401.5,365.0,388,354
412.625,354.25,0,401.5,343.5,423.75,365.0,0.0,0.0
#END cellules de grille

#BEGIN matrice de controle
-0.01021368,0.00644168,-0.00541396,0.00498624,0.00614790,-0.01038522,-0.00262320,-0.00696782,0.02276388,0.02463612,0.01614607,0.01212310,0.00780777,-0.00434304,0.00568723,-0.01581823,0.02469749,-0.01204320,0.01245966,-0.00084416,-0.00614111,0.01846502,-0.01403965,0.03161763,-0.03965899,0.00362134,-0.03480599,0.01410466,-0.03553882,0.02017371,0.00196501,-0.00785382,-0.01120635,0.02609190,-0.06248524,0.08381752,-0.02749867,0.04000523,0.00809964,-0.00374612
-0.00577515,0.00249647,0.00849966,-0.00439105,0.00505734,-0.00230647,0.00082578,0.00467203,0.02359371,-0.01693157,-0.00429558,-0.01328014,-0.01929916,-0.00583778,0.00606288,0.00022918,0.00931166,-0.01029819,0.01825637,-0.01432635,-0.02238495,-0.00639259,0.00808548,-0.02432963,-0.04003796,0.07761135,-0.06694446,0.07761363,-0.00823282,0.00166532,-0.01307668,-0.02265393,-0.00076672,-0.01188183,-0.00730171,-0.01629586,0.01232784,0.05368157,-0.00070350,0.00739071
-0.01524627,0.00963188,-0.00558783,-0.00126226,-0.00605882,0.00850405,-0.02235440,0.00454556,0.03844543,0.03643951,0.04431824,-0.00896296,0.01584416,-0.00103421,-0.00007441,-0.01533337,0.01171198,0.00352680,0.01124437,-0.04034157,0.04301368,0.01176473,0.00577687,0.00685229,0.02894457,-0.02113474,-0.07440369,0.09426754,-0.07706762,0.05363843,0.00153126,0.00841020,0.00147761,-0.00605920,-0.02576011,-0.01643057,0.05477995,-0.04879759,0.07522523,-0.08074844
-0.00333088,-0.00251925,0.00107954,0.00766755,-0.00735865,0.00107903,-0.00199439,0.01473215,-0.00943532,-0.01282568,0.00625014,-0.02746629,-0.00717901,0.01030646,-0.01724133,0.01351687,-0.01302610,0.01107188,-0.03993134,0.06428393,-0.01479924,-0.00701792,0.00617701,-0.04417870,0.07892371,-0.02636020,0.02759957,0.04135467,0.02104032,-0.00833301,0.00692090,0.00581738,-0.00862947,-0.00697595,-0.03563230,-0.01983471,0.00800588,-0.03127356,0.01630542,-0.00046677
0.00382264,0.00010685,-0.01269451,0.01000715,-0.00781877,0.00638724,-0.00922086,0.00634960,-0.02286003,0.00753530,0.01927450,-0.00878261,-0.01405094,0.01111922,-0.01752242,0.01065257,-0.01658639,-0.01338242,0.04532677,-0.00937062,-0.00251557,0.02090349,-0.03475771,0.03182687,-0.02466742,-0.02226197,0.00980784,0.01448566,0.01992085,0.00750263,0.04589194,-0.00161434,0.05033914,-0.06945952,0.01373386,-0.00715771,-0.01495184,-0.04748065,0.01453548,-0.02329068
-0.00826981,0.00081115,0.00891762,0.00061550,-0.00098384,-0.00355279,-0.01351419,0.00973383,0.02295191,0.00855144,0.04680708,-0.02581697,-0.04688192,0.00160395,-0.02175010,0.00482712,-0.00053981,0.01456800,-0.00596023,-0.00734819,0.01406117,0.00752975,-0.01355359,-0.01078373,-0.01761691,0.01755588,-0.14154103,0.09969730,0.04454978,0.01316543,0.04488254,0.00629152,0.00569981,0.01226992,0.02724705,0.02760744,-0.03842686,-0.00885017,0.04699904,-0.04365937
-0.01848907,0.01329028,-0.03631681,0.00999683,0.01143912,-0.00676960,-0.01576877,0.02003235,0.03044479,-0.00180912,-0.00813803,0.04937564,-0.00492321,0.01620298,-0.00246277,-0.00323657,-0.00895882,0.01493980,0.00174365,0.01651340,-0.00725263,-0.03975092,-0.02071503,0.01303444,-0.11613552,0.05122953,0.00139871,-0.05903675,0.02222831,0.00854231,0.01035643,0.01449254,0.02362524,-0.01380817,-0.00906319,-0.03418419,-0.04527472,0.04074907,0.08608304,-0.02809653
0.00813811,-0.00408745,0.00864180,0.00137658,-0.01490128,0.01170640,-0.02138802,-0.00888288,0.00616646,-0.00475251,-0.00079715,-0.02171577,0.02403553,-0.00810428,0.00858126,0.00295473,0.00556298,-0.00244070,-0.00387068,-0.00237580,-0.04771176,0.07818284,-0.00218779,0.00282198,0.10129580,-0.09006194,0.04392705,-0.02253875,-0.02471975,-0.02775901,-0.00920441,-0.00463845,-0.02282850,0.00233109,0.01510030,0.01157749,0.02334909,0.01332147,-0.02173372,-0.03391562
0.02226864,-0.00416068,-0.01310286,0.00250729,0.00660525,-0.03201067,0.02641167,-0.01015915,-0.05418263,0.00061522,0.00669623,0.04110473,0.00628731,-0.00244444,0.00022896,0.00733426,-0.00247734,0.00515968,-0.02126397,-0.01360265,0.04488062,-0.01442891,0.01893058,-0.01626662,-0.04332561,0.05147530,-0.08959982,-0.11423433,0.05270191,-0.00781873,0.00791458,0.00264281,0.00602970,0.01664015,0.01575505,-0.00792694,0.01883559,-0.00403129,-0.09393060,0.09322265
-0.01259252,0.01591093,-0.02454461,0.00965939,-0.01322268,0.02579342,-0.00348702,0.00212375,0.02031774,-0.00796755,-0.02563484,0.02919741,-0.01601821,0.01458333,-0.01567782,0.00519215,0.00291463,-0.01939806,-0.02358463,0.03217723,-0.01423773,0.01351669,-0.01303700,0.02869695,-0.10790783,0.11476650,-0.02336079,-0.00866580,0.01329586,-0.01152404,0.01278111,-0.00246959,0.01323586,0.01061173,0.00347458,-0.01531580,0.00357043,-0.03027274,0.04301795,-0.03594525
-0.00129956,-0.00141392,0.02225418,-0.02013941,0.02081006,0.01029393,0.01569892,-0.00533177,0.02754281,-0.03387733,-0.05977091,0.00392648,-0.02016029,-0.01091101,0.02646947,-0.00729900,0.00530344,-0.04777189,0.04405101,-0.01527973,0.01144055,-0.06453922,0.06908534,-0.03244737,-0.00674235,-0.01335443,0.10094349,-0.01584801,0.01845729,-0.03413714,-0.03127904,-0.00680474,-0.01819412,-0.01796308,-0.00520333,-0.00210539,0.01542100,0.04910036,-0.04725956,0.00283749
0.00701899,0.00431846,-0.01016029,-0.00125806,0.00131948,0.00666431,0.00139405,-0.00982907,-0.01230015,-0.01756722,-0.04442493,0.02835486,0.03820977,-0.01504604,0.03359918,-0.00788391,-0.01321216,0.06155614,-0.02092341,-0.01435349,0.00140251,-0.00907801,0.03548067,0.01163938,0.05797315,-0.02716966,0.08862848,-0.09838449,-0.03793106,-0.02350758,-0.05240246,0.00591906,-0.05469818,-0.03396870,0.03272584,0.00077096,0.04722731,0.01115681,-0.01402612,-0.04047464
0.00899543,-0.02052498,0.03029571,-0.00645390,-0.00351775,0.00170755,0.00572897,-0.02501604,-0.00003115,0.00087464,0.04038878,-0.00953750,0.01280082,-0.01555086,-0.00264364,-0.00519996,0.00266023,0.00723478,0.00000426,0.00694825,0.01891072,-0.08165735,0.07909179,-0.07944050,0.11731428,-0.07189920,-0.00334815,0.01810019,0.00514892,0.03153996,0.01801322,0.00650127,-0.02038283,-0.00952149,-0.02838679,-0.01901904,-0.02998305,0.00984159,0.03706314,0.01239791
-0.01220323,0.01803210,-0.01586863,0.02184257,-0.00987463,0.01637928,-0.04833258,0.01112013,0.01351217,0.00535154,-0.05755337,-0.02907969,0.00558765,0.01250885,-0.00796963,0.00549712,0.00551363,-0.00800055,-0.00039892,-0.01116936,-0.00510905,0.02669979,0.03716589,0.06061486,-0.04937658,0.00849544,0.09878386,0.05451633,-0.02768588,-0.06305244,-0.00977095,-0.02380127,-0.02900099,-0.00344869,0.00860910,0.00544891,0.01818372,0.02829829,-0.02398315,-0.02915125
-0.02473220,0.01765574,-0.02064371,0.01762689,-0.00633340,-0.05639124,0.08029541,-0.00921105,0.04658770,-0.00218328,-0.04577571,-0.01392916,-0.03497161,0.02287245,-0.00954496,0.00197875,0.00885911,0.00001440,0.01395137,0.00371554,-0.00386044,-0.02718968,-0.00972953,0.02579807,-0.08054378,0.01862640,0.03401220,0.09320267,-0.00188087,-0.04843499,-0.01448389,-0.02173911,-0.02419395,-0.02462865,-0.01361284,-0.01349455,0.00209486,-0.00101726,0.08003352,-0.05471979
0.01246926,0.00192386,-0.00316414,0.02191555,-0.05933232,0.06580612,-0.01424188,0.00024068,-0.03023608,-0.00853327,0.00687364,-0.01332958,0.02209415,-0.00665041,0.00251040,0.00565001,-0.00873041,-0.01218958,-0.01138568,-0.02031602,0.00606358,0.00277247,0.00065121,0.00975491,0.13918328,-0.06064104,0.03235720,-0.04119301,-0.02455444,-0.00799119,-0.02765717,0.01944140,-0.00425454,0.00707163,0.02157181,0.01491709,0.00813963,0.02708569,0.01230977,-0.07722995
-0.00121450,-0.00381045,-0.01133085,-0.00590568,0.04588208,-0.00247498,-0.00634361,-0.00002440,-0.01383617,-0.01042138,0.00432982,0.00806761,0.01349294,0.00704680,-0.01591925,0.01572437,-0.05107515,0.00713605,0.00151992,0.00432808,-0.00152746,-0.00527751,0.01700991,0.00734021,0.04500763,0.05698884,-0.07072764,0.04020133,-0.04865691,-0.02563852,-0.00135173,-0.02134349,-0.00228631,-0.01395304,-0.00627917,0.00488251,0.01287551,-0.03256017,0.07500203,-0.09577195
-0.03091724,0.02610444,-0.03858410,0.03521632,0.00547301,-0.01664451,0.00974558,0.00323607,0.03634007,0.00692765,0.00702828,-0.01385235,0.02133457,0.02382861,-0.03359462,-0.01436085,0.03748053,0.00433249,0.02402870,0.00496259,-0.00331593,-0.01825129,-0.00709479,-0.01165472,0.00400864,0.05271902,0.00628863,0.08318977,-0.04789511,0.01176895,0.02655309,-0.02074938,-0.05874651,0.00064152,-0.04405961,-0.00587495,-0.01485468,0.00804264,0.09297197,-0.01522909
0.01011096,-0.01013926,0.01569448,-0.02777944,0.00339764,0.00077305,0.00657195,-0.00211666,-0.01929780,-0.01170323,-0.01255346,0.01968468,-0.03260944,-0.00298736,0.00961627,0.00843358,0.04963951,-0.02069237,-0.01216212,0.00000350,0.00138823,0.01909683,-0.02822994,0.01762111,-0.02967610,0.00942078,-0.02891492,-0.06686547,0.06748327,-0.02227711,-0.00072787,-0.01599553,-0.03175655,0.03551629,0.02448135,-0.00111633,0.01113213,-0.03307183,0.02026435,-0.01565344
0.00632665,-0.01362570,0.01006176,-0.00697125,0.00479065,-0.00534509,0.02940323,-0.03874565,-0.08610065,0.03877216,0.02996428,-0.02130467,-0.02144485,0.01084626,-0.01275784,0.01034094,0.00958520,-0.00799326,0.00748754,0.00676816,-0.01709831,0.02329612,-0.07696393,0.07317769,-0.00910671,0.00170302,-0.09794796,0.05390181,0.05027939,0.00836121,0.00913411,-0.00981111,-0.01781786,0.00164955,-0.02727594,-0.01616030,-0.02124168,-0.02217322,-0.03258598,0.12262804
-0.02058424,0.00911583,-0.03528970,0.00833341,-0.00339011,-0.00272850,-0.02390624,0.01741151,-0.00047056,0.01585666,0.03724112,0.01959156,0.02518353,0.02521260,-0.02256360,0.00454992,-0.00321547,0.00341697,0.01096382,-0.00534015,0.01317811,0.01589340,-0.03671065,0.03232783,0.01965279,0.00504723,-0.05428690,-0.03618442,-0.01000858,0.01800978,0.02088750,0.01723500,0.00984617,0.00823826,-0.01997991,-0.00070055,-0.01901551,-0.04846547,0.07092872,-0.03705238
0.01457042,-0.00309608,-0.02190922,0.01257974,-0.02229139,-0.01643628,-0.00893265,0.04025079,-0.04445237,0.00061636,0.01408751,-0.00633318,0.02141481,-0.00403200,-0.02143330,0.00706780,-0.00137242,0.02233155,0.00602201,0.02076242,-0.01430914,0.00640722,-0.01354632,-0.05006248,0.06529128,0.08820915,-0.06208729,0.06841168,-0.02970499,0.04758161,0.01630149,-0.01239661,0.00535920,-0.04629628,-0.02382606,-0.00840419,-0.03422012,0.00256803,-0.02440894,0.06686519
0.02984521,-0.03275521,0.12037483,-0.10036361,0.01913788,0.01009794,0.01607897,-0.00335901,-0.00902864,-0.00656246,-0.00280640,-0.05044336,-0.06717772,-0.03256239,0.04241784,-0.00728105,-0.00858858,-0.00289528,-0.03118243,0.01325187,0.00590135,-0.03597880,0.03816997,-0.06522918,0.05471004,-0.15411515,0.05360358,0.01121418,0.11640981,-0.03588346,-0.00657123,-0.00482759,-0.00624833,0.01247734,0.01797774,-0.00181496,-0.00535630,0.05103892,-0.11564032,0.09498355
-0.01934677,0.00529477,-0.02019923,0.06577113,-0.01306957,0.00248836,-0.00494275,0.01720371,0.02737268,0.02181970,0.01697915,0.00173596,-0.02139326,0.01017039,-0.03455999,-0.03060172,0.00569203,0.00342911,0.00874714,-0.00568853,0.00511480,0.00815724,-0.03265481,-0.01342332,-0.08226887,0.02774635,-0.04255176,0.05354017,0.02086731,0.01631276,0.03401197,-0.01232782,0.01365101,-0.00907162,-0.01415586,-0.00752693,-0.02610445,-0.01154680,0.01807110,0.05645532
0.01397343,-0.01157133,0.00439093,0.00770030,0.00758319,-0.00581173,0.00456229,-0.00891228,-0.02446577,-0.01081280,0.00044779,0.01380507,0.03064374,-0.02373038,0.04657119,-0.03246023,0.02052166,0.00538456,-0.01249836,0.00987828,-0.01709522,0.01739019,0.01212168,-0.00889288,-0.01267947,0.03677349,-0.00751137,-0.08792963,-0.00378607,0.03149259,-0.04495951,-0.02281313,-0.01176694,-0.00262538,0.01241103,0.00121474,0.01654518,0.01980356,-0.09125244,0.08239969
-0.01043039,-0.00009455,0.00541274,0.00571857,-0.02217748,0.01340093,-0.00451435,-0.00428129,0.02141668,0.01514064,0.01081394,-0.01661078,-0.01762946,0.00317552,-0.01585343,0.07563195,-0.01706761,0.00845411,0.00440037,-0.00147389,-0.00722605,0.01402997,-0.00401128,0.00173969,-0.01580616,-0.03054479,0.00546330,0.06477412,-0.00279050,0.01750978,0.02790367,-0.09735587,0.02961625,-0.01631686,-0.00444385,-0.00347531,-0.00287516,0.00225140,-0.01049493,0.01854391
-0.03569577,0.01531311,-0.00083773,-0.00358500,0.00604828,-0.00219255,0.00114335,-0.00137582,0.07202894,-0.10636263,-0.01333155,0.01109998,0.01327913,-0.01255246,0.01609721,-0.00710927,-0.01434951,0.00938247,-0.01329840,0.00151002,-0.00071489,-0.01126693,0.03856541,-0.06407918,0.07871950,0.10245039,0.01723206,-0.07466751,0.02754686,-0.00257562,-0.00328055,0.01527750,0.01296819,0.00928643,0.00689701,0.00513186,-0.00936429,0.00117996,-0.02047205,-0.04090404
-0.01844849,-0.02975220,0.01038293,-0.00138898,0.00928177,-0.01356490,-0.01381730,0.00143108,0.08237246,0.03019043,0.02450706,0.03993486,-0.01429917,-0.00792534,0.00498549,-0.01035684,-0.00125870,0.01675426,-0.00967586,0.01559743,0.00676100,0.00436936,0.00762753,0.01713030,-0.14345258,0.02114843,-0.03126424,-0.04063419,0.01089110,0.05091657,0.01383950,0.00375787,0.02658766,0.00191799,0.00402627,-0.00645291,-0.02017694,0.01792630,-0.04606945,0.05195805
0.04831186,-0.02509119,-0.03848816,-0.00500785,0.01254492,-0.00916655,-0.00616009,-0.00250435,-0.01835349,0.00957794,0.02763847,0.06002988,0.02854504,0.01384922,0.00344151,-0.00750018,0.00093520,0.00479882,-0.00138405,0.00682673,0.00684551,0.00599797,-0.02071593,-0.01112010,-0.02981357,0.00470216,0.02069814,-0.13892888,0.02814965,0.01474464,0.02055133,0.02666816,0.01263643,0.01092035,-0.00013353,-0.02492055,0.00034083,-0.00280939,-0.03767384,0.08833358
-0.01004213,0.05919719,-0.03468985,-0.01675943,0.01235618,0.00433575,0.00223026,0.01214139,-0.04847448,-0.05223046,-0.03098613,0.00484956,-0.01172088,-0.00201514,0.00158773,-0.00474841,-0.00749078,-0.01260014,0.00109195,-0.00081732,-0.01449876,0.02961627,-0.04929923,0.01859752,0.05482164,0.05433797,0.10996967,-0.09177935,0.06799053,-0.01155618,0.00816822,0.01791068,0.00729003,0.01346896,0.00065811,-0.01020944,-0.00855913,-0.03922510,0.00853423,-0.00506422
-0.00197709,-0.03023375,0.06084036,-0.02411726,0.01309695,-0.00947712,0.00403604,-0.00840032,0.02971587,0.01661986,0.02791167,0.01750056,-0.01169336,0.01611111,-0.05094107,0.01678391,0.00523570,-0.01661203,0.00416763,0.00541212,-0.00720774,0.01392331,-0.01323180,0.01498645,0.02598626,-0.07164005,-0.02731700,-0.00481384,-0.00522500,-0.04356800,0.01636255,-0.00133361,-0.01950464,0.02374597,0.00307345,0.00897472,0.01910533,-0.02808047,0.07155472,-0.07183783
-0.00977206,0.00312272,0.01240113,-0.01837492,0.01129313,-0.01253312,-0.00506132,0.01096617,0.00688635,0.03937589,0.03010537,-0.00159277,-0.00882502,-0.02823478,0.09899989,-0.04727024,0.02846452,-0.00770627,0.00787996,-0.01002391,0.01592968,0.00124388,-0.01208267,-0.00617376,-0.05243230,-0.01790767,-0.08812655,-0.00444561,0.01104961,0.12411264,-0.12852607,0.03547020,0.00464809,0.00834492,-0.01206153,0.00439939,-0.01978698,-0.02148079,0.01730698,0.02766067
0.02447481,-0.04635612,0.04215956,-0.02442315,0.01272104,-0.00029393,0.01494176,0.00038269,-0.08939020,0.05403448,-0.08844781,-0.01591927,-0.03134410,-0.01123998,0.00969323,-0.00360110,0.00505794,-0.01534570,0.00048320,-0.00158929,-0.01508479,0.00635484,-0.01693719,0.01407002,0.09294241,0.01931185,0.03738728,0.00593096,0.04724249,-0.02814530,-0.01353933,0.00364736,-0.00912203,-0.00505471,0.00652585,-0.00067060,0.00747118,-0.00347428,-0.02401838,-0.01764314
0.01347742,-0.02465502,0.01752479,-0.00543668,-0.00651141,0.01168918,-0.00520371,-0.02803935,0.03055215,0.00717108,0.10701298,-0.08095275,-0.00037905,-0.00819821,0.01671939,0.01578614,-0.00572295,-0.00524421,0.00067379,-0.01130268,0.01317877,0.00281347,0.02897811,0.02716203,-0.00386093,-0.09127708,0.00709543,-0.00807020,-0.01923104,-0.00926433,-0.02975305,-0.01728861,-0.01140471,0.00832811,0.00232286,0.01040995,0.03021310,-0.00328783,0.01677784,-0.06850802
-0.01722105,0.02027544,0.00700167,-0.00628004,0.00411944,-0.00892535,0.00377203,-0.00345502,0.02978368,0.03365096,-0.00014408,0.08303094,-0.07502510,-0.02113943,0.00810451,-0.00909371,0.00803963,0.00556989,-0.00764569,0.00588600,-0.00445043,-0.00593053,0.01562550,0.01132622,-0.03277515,-0.01885594,-0.04538468,0.02451434,-0.00120691,0.02880275,-0.00971276,0.00240801,-0.00993983,0.01177648,-0.00175144,0.01107183,-0.01366306,0.04519697,-0.02298670,0.02323699
0.00457723,-0.00649306,0.00919886,0.00708462,-0.00286734,-0.00430733,-0.00690548,-0.00346198,-0.00340566,0.00572529,-0.00808938,0.00722576,0.10425803,-0.05730205,0.00145494,-0.00340599,-0.00224434,0.02418362,-0.00026510,-0.00377851,0.00563847,0.00979396,-0.00055854,0.01525604,-0.07870074,0.08769982,-0.00199343,-0.00463269,-0.03338476,0.00559341,0.00195923,0.00120064,0.01220379,-0.02872729,0.00006419,-0.00216406,-0.00878418,0.02016876,-0.05963433,0.07656891
0.01908708,0.00282514,-0.03402929,0.02984169,-0.01072516,-0.00089959,0.00021688,-0.00809564,-0.02352490,-0.02280755,-0.01483343,0.00312236,0.04185770,0.09317031,-0.04821603,0.03427877,-0.03342907,0.02033707,-0.01573309,0.01431488,-0.01174045,-0.00060673,0.00941348,0.00980285,0.06681378,-0.02898702,0.09344867,-0.05151576,0.02421462,-0.13965061,-0.00185601,0.03191960,-0.00366172,0.00719656,0.01571811,-0.01019218,0.02480666,0.03362367,-0.05575393,0.02287398
-0.00853553,0.00790539,-0.01167049,0.00749563,-0.00458027,0.01078843,0.00547375,0.00708724,-0.00889814,-0.02709989,-0.03667182,-0.00877201,0.00078940,0.00942690,0.00028359,0.00126973,-0.01847399,0.01548830,-0.01032114,-0.03655502,0.01884574,-0.01514703,0.00190399,-0.00681176,0.05667410,-0.02779759,0.16648797,-0.00316943,0.00149735,-0.00695548,-0.00418677,0.00499234,0.00479744,-0.03770975,-0.02538106,0.00871539,-0.01401581,-0.04942687,0.04928558,-0.02815442
-0.00646998,0.01235173,-0.00951417,0.01671334,-0.01208855,-0.00134442,0.01817633,0.00673793,-0.00357310,0.00179594,-0.01129944,0.02066775,-0.00053586,0.00155558,-0.00573168,-0.00315428,-0.00089656,0.01037575,-0.00200518,0.01699114,-0.05804126,-0.02382211,-0.00247926,-0.01758515,-0.04055385,0.04520794,-0.01690365,-0.04368280,0.02148095,-0.01210758,0.00332285,0.00401067,0.00162614,0.00462425,-0.00491444,-0.02989629,0.12053411,-0.03808554,0.00278145,0.03016097
0.00556068,-0.00766162,0.01573980,-0.01839598,0.01757657,-0.00766686,0.00350949,-0.00887016,-0.00398948,0.00741532,0.01532034,-0.01610210,-0.02726811,-0.00697457,0.01754535,-0.00052429,0.01240900,-0.02082222,0.02573246,-0.06344496,-0.00602666,0.02398667,-0.01074513,0.01114307,-0.05905359,0.03216515,-0.07884179,0.02477832,0.02109149,0.00254273,-0.02482348,-0.00895296,-0.00849830,0.02169250,-0.00465159,0.10020268,-0.01423242,-0.00492227,0.00444998,0.01046590
0.01435107,-0.00219795,0.00015211,0.00398081,-0.00632778,0.00103650,0.00790362,-0.01537561,-0.00686857,0.00685975,-0.00592255,0.00722942,0.01143249,-0.01242933,0.01711234,-0.00697137,-0.00368048,0.02125545,-0.06690198,0.00297821,0.00358122,-0.00788084,0.01409593,0.00829081,-0.00260928,-0.04126477,-0.01603469,-0.02738670,-0.00936126,-0.02125957,-0.00478032,0.00686611,0.00288495,-0.03420116,0.08446214,0.03313955,-0.01613724,0.05201186,-0.05381408,0.00915160
-0.00745659,0.01053651,-0.01475758,0.01150840,-0.00851832,0.00699270,-0.00662031,0.00336664,0.00817653,0.02189047,0.01363524,-0.00075275,0.01652571,-0.00207273,-0.00865162,-0.00019191,0.01482409,-0.02739012,-0.01726409,0.00588140,-0.00964771,0.01616601,-0.01013130,0.00177998,0.00034100,0.01114817,-0.03489495,0.05655785,-0.04877358,0.03054716,0.00560156,-0.01071133,0.00146488,-0.02372131,0.05235808,-0.00510466,-0.00040957,-0.01891000,0.03268565,-0.00323200
-0.01327390,0.00074551,-0.00126365,-0.01575085,0.01382295,0.01245555,-0.00396269,0.00500239,0.00126170,0.02023435,0.00235247,-0.00968271,-0.00457421,0.02300155,-0.00160390,0.00767323,0.03059868,-0.05975016,0.02247196,-0.01580040,-0.00550567,0.00650294,-0.01892158,0.02577894,-0.00996570,-0.00756017,-0.02586591,0.04405829,-0.03746044,-0.05338626,-0.02898166,-0.04123533,-0.06889036,0.03591696,-0.00232237,0.01360846,0.02573131,-0.00817583,0.08068384,-0.02066400
0.00940633,-0.00903528,0.00337947,0.00758106,0.00956802,-0.01049329,0.00147293,0.00261264,-0.03310888,-0.00225387,-0.00460373,-0.00861695,0.02463799,0.00062792,-0.01000754,0.00690798,-0.01049933,0.00953505,-0.01575725,0.00461219,0.01386638,-0.01961519,-0.08655005,0.03601780,0.05549224,-0.05804894,0.05091843,-0.04846710,-0.00554096,-0.03691768,0.00356960,0.00351933,0.00517628,-0.00827764,0.02627487,0.00830195,-0.01641565,0.13269152,-0.01035318,-0.00107446
0.01082576,-0.00403212,0.02755638,-0.02421263,0.00731975,0.01510809,-0.04032243,0.01541515,-0.02085000,-0.02726706,-0.03926572,0.00549355,-0.03503347,-0.01228718,0.01965413,-0.00365331,0.00730548,-0.01431514,-0.00822030,-0.01375246,0.05831063,-0.03549567,0.00679139,-0.02538262,0.02575962,-0.01687503,0.05893558,-0.02742993,0.04739979,-0.01715522,-0.01687854,-0.00717077,-0.00816025,0.00856082,0.00889161,-0.00773574,0.00663785,0.02978957,-0.03389900,0.02973977
0.01102952,-0.01093598,0.03906088,-0.02328222,0.01412408,-0.02459081,-0.03122118,0.00798021,0.03646281,-0.03636587,-0.02336791,-0.02474716,-0.03693028,-0.02521507,0.02175712,-0.00151375,-0.00117656,-0.00018166,-0.01614466,0.04225682,0.00934499,-0.01136712,0.03543584,-0.02821334,-0.02453190,0.00915782,0.01685161,0.04001269,0.03188428,-0.01106497,-0.01465347,-0.01462064,-0.00388738,0.00202942,0.01479954,-0.00409208,0.02533859,-0.00447923,-0.02275069,-0.01122728
0.00118064,0.00056276,-0.01954482,0.02091357,-0.01613489,-0.03997600,0.00707096,-0.01603997,0.00099147,0.03140118,0.04085102,0.00475216,0.05376228,0.01060287,-0.01205284,0.00838113,-0.00910015,-0.00537983,0.03422072,0.01983397,-0.00599357,0.00867288,0.01569421,0.01103502,0.09586031,-0.06733436,-0.03876997,0.00453720,-0.08411944,0.01011307,-0.00125205,0.00333318,0.00385563,-0.01539882,-0.00224407,0.01531454,0.01378272,-0.01540112,0.02727688,-0.05008095
-0.01418747,0.01505086,-0.00027532,-0.00217856,-0.00528647,-0.01788628,-0.00756342,0.01864157,0.01101131,0.00580800,-0.01229645,0.01718218,0.00607496,-0.01630177,0.02307103,-0.01973605,-0.01332141,0.01049130,0.04266880,-0.01069561,-0.00065292,0.00756069,-0.02333014,-0.02465837,-0.02965594,0.04835641,0.06357211,-0.04370323,0.00366067,0.09929093,-0.03757797,0.02109465,0.01183175,0.01021730,-0.02961442,-0.00696868,-0.02513084,0.00879919,-0.00845160,0.08621101
0.01792817,-0.01662927,0.01797401,-0.00656652,-0.00136944,-0.00499785,0.00230838,-0.00196865,-0.02211129,0.00252840,0.01555652,-0.00070268,-0.00483974,-0.01300492,0.01196974,0.02460620,-0.05458382,0.02670754,-0.02136924,0.01035899,-0.00003393,0.00546691,-0.00458287,-0.01322962,0.00606138,-0.02732765,-0.01943111,-0.04893448,0.03838751,-0.00060457,-0.03044209,-0.01422763,-0.01144096,0.06159401,0.00255246,-0.00227809,0.02196369,0.00208459,-0.02532613,0.06473498
-0.00445712,-0.00349621,-0.00483107,0.00422104,-0.00880952,-0.00519735,-0.01178945,0.00218093,0.01771331,0.03266178,0.04317193,-0.00002300,-0.00043664,0.01463149,-0.02131548,-0.00323076,0.00028173,0.01584216,0.00758563,0.00872825,-0.01300060,0.07748186,-0.05354367,-0.07200196,-0.00419107,-0.01815652,-0.05192869,0.05893834,-0.01409129,0.06451347,0.02425238,0.00737605,0.02100583,-0.01460687,-0.02049429,-0.00991638,-0.03951087,-0.05517231,0.06738075,0.05075761
0.02766580,-0.01530505,0.01656166,-0.01307241,0.00919280,-0.01085479,0.04835128,-0.07719547,-0.02370749,-0.01399341,-0.02018158,0.01714656,-0.00175927,-0.01429798,0.00546857,-0.00493856,-0.00289316,0.00104390,-0.00804223,-0.00401119,-0.00586111,0.03572113,0.02689141,0.01116506,-0.02050570,0.02498980,0.01067786,-0.06751528,0.02768410,-0.00459304,0.01338464,0.01031620,0.01233739,0.00856045,0.01682630,0.01183945,0.01659414,-0.00658325,-0.07086324,0.02147378
-0.02411930,0.02331871,-0.01698174,0.00757141,-0.01885973,0.01595683,0.00661878,-0.00780694,0.03214879,0.00287872,-0.02280677,-0.01187747,-0.02029788,0.01624161,-0.00263193,0.00544193,0.00030948,0.00157385,0.00517777,0.00489945,-0.00003899,0.01335493,-0.01800174,0.03656413,-0.10019164,0.00722332,0.03868474,0.02779444,0.01047968,-0.02917884,-0.00947022,-0.01284243,-0.00421536,0.00456090,0.00143225,-0.01691709,0.02582755,-0.00454008,0.00895997,0.01471604
0.00007821,-0.00297187,-0.02637754,-0.00314457,-0.03309881,0.02835344,0.00253997,-0.01968894,0.01460618,0.00831071,0.02033368,0.03134106,0.05674943,0.00530608,0.00775452,-0.00396192,0.03811298,0.00262565,0.02935494,-0.00493711,-0.01321287,0.00305082,0.01052430,-0.00347507,-0.03825790,0.08884268,-0.09637931,-0.01756183,-0.09980452,0.00313056,-0.04962359,-0.02854140,-0.04680298,-0.02152596,-0.02181226,0.01007041,0.01924956,-0.01244348,0.04790542,0.01060314
-0.02400763,0.02162355,-0.02507838,0.01663094,-0.03134086,0.01368364,-0.01006581,0.00705537,0.03517468,0.02266717,0.01275717,-0.01919786,0.00321687,0.01346572,-0.01675771,0.00322038,-0.02166410,0.05804139,0.00363665,-0.01196618,0.01604795,-0.00943407,0.00605996,0.02092154,-0.06612871,-0.00926497,0.00148350,0.06908621,-0.03071378,0.00188514,-0.00663950,-0.00380352,0.01027867,-0.04095268,-0.00264900,0.00192380,-0.01842237,0.00312162,0.03277605,-0.01074823
-0.00004675,0.00054181,0.02134074,-0.02881837,0.01778442,-0.00188085,0.01214087,0.00153237,-0.00465092,-0.02285286,-0.03794486,0.02092504,-0.03347931,0.00459912,0.01680560,-0.06987815,0.05055680,-0.02033405,-0.00759265,0.01161067,-0.00852159,-0.01752435,0.00738214,-0.00779435,0.05084778,-0.00080397,0.04030785,-0.01595432,0.03484753,-0.07034756,0.02352778,-0.00486215,-0.02542580,0.02503805,0.00632493,-0.00821531,0.01607539,-0.00505554,0.04258963,-0.04295977
-0.01200560,0.01352957,-0.00951188,0.00252983,-0.00778760,0.01834872,-0.01157634,0.00815075,0.00608119,-0.00734085,-0.01725733,-0.00762185,0.00960256,-0.00669257,0.00150860,-0.00843942,-0.00280181,-0.01134382,0.01313961,-0.00859052,-0.00122192,0.00439753,0.00843163,0.00324962,0.01528501,0.02284551,0.02153457,0.03731540,-0.02948145,-0.01305467,0.01928651,-0.08247144,0.06499046,-0.01829494,-0.00841108,-0.00267391,0.00929663,-0.01640765,0.02651099,-0.04422253
0.01322487,-0.00362049,0.00745247,-0.00326888,0.01587325,-0.00301370,0.00715087,-0.00286813,-0.09845061,-0.01497729,-0.02922459,0.01010430,0.00248197,-0.01583160,0.01634875,0.00058073,-0.01979886,0.00334417,-0.02089179,-0.00303163,0.00944739,-0.03273402,0.08212879,0.01835040,0.00448797,0.06023456,0.02439904,-0.09322722,0.03308699,-0.02387550,-0.02284290,0.02033822,0.00764971,0.02067293,0.03323165,0.00339131,0.02488012,0.02884607,-0.04955514,-0.02489589
-0.05009802,0.00208668,0.00909872,0.00267072,-0.00853532,-0.00470568,0.00168132,0.06814593,-0.02996885,-0.00309763,0.01631529,-0.00003636,-0.00936240,0.00104765,-0.01628971,0.00772816,0.00291912,-0.00519507,0.01289194,-0.00295409,0.01063909,-0.00342921,-0.02198106,-0.03689293,0.00669304,-0.00214923,-0.02036151,-0.01417044,0.05341472,0.00557578,0.03437466,0.00006623,0.01659711,0.00026488,-0.01386018,-0.00631282,-0.02147963,-0.02558751,-0.01261548,0.06644862
-0.03763328,-0.00760179,0.00773331,-0.01092633,0.01008800,0.00850746,0.01638270,0.00825151,0.04253421,0.04770289,-0.01462696,-0.00205380,0.04060474,-0.01725960,0.02691384,-0.00771789,0.00985692,0.00701331,-0.00620388,0.00161621,-0.00133878,-0.02739244,0.01412387,0.02876786,0.02532650,-0.11724492,0.06739942,0.01546537,-0.08363129,0.00198590,-0.02869136,-0.01690153,-0.03620325,-0.00646293,0.00757112,0.00005951,0.02799391,0.09567526,-0.01637120,-0.00460548
-0.00530709,0.01160719,-0.06321457,-0.00466005,0.03516409,0.00445237,-0.00806973,-0.00846978,0.02818152,0.02346754,0.05013754,0.00791653,0.03735238,0.02278165,-0.00789794,0.00890911,-0.01239498,0.00504563,-0.00206309,0.01026577,-0.01463925,0.03113737,-0.01003783,0.00280093,-0.00072226,-0.01351555,-0.04972894,0.00828706,-0.05634092,0.02940521,0.00856991,0.00511394,0.01209055,-0.00099940,-0.00073086,0.00584892,-0.00870071,-0.00316971,0.03095466,-0.00387989
0.00460822,0.00474513,0.00305123,-0.03535976,0.03856560,-0.00074061,0.00079062,-0.00336502,-0.01804973,0.00680353,0.00857987,-0.01474186,-0.00743138,0.00357659,-0.00753901,0.00671385,0.01317335,-0.00588301,-0.01245890,-0.00055326,-0.00426862,0.02049599,-0.01459043,-0.00090926,0.01460208,-0.03386369,-0.01785021,0.00363592,0.03118368,-0.02857044,-0.00001101,0.00194858,-0.01477610,0.01494029,0.01281676,0.01261940,0.01132569,0.00368790,-0.04869537,0.06257371
0.00377343,-0.01059073,-0.02168946,0.00737566,0.00437857,-0.00749109,0.00939193,-0.01771819,0.00383563,0.02018265,0.02224860,0.03144271,0.04998517,0.01507750,-0.04191263,0.01426415,0.05387433,-0.01131297,0.01831731,-0.00322202,-0.00767258,-0.00456812,0.01504275,0.00497188,-0.07739327,0.09293117,-0.07078811,-0.03943453,-0.07624712,0.00066005,-0.03017893,-0.02524869,-0.03865489,-0.00226607,-0.01741207,0.00647885,0.02363702,0.00201426,0.02992909,0.02686018
-0.00124148,-0.00434156,0.02512236,0.00340180,-0.00884302,0.00258894,-0.00851519,0.00968455,0.01516112,-0.02220451,-0.00694384,-0.02150234,-0.04534441,-0.02002135,0.01123190,0.00948010,-0.01556184,0.00057459,0.00066406,-0.01074974,0.01813915,-0.02475394,0.02238078,-0.01581266,0.05695288,-0.04417746,0.02520960,0.03087472,0.02902442,0.05986187,-0.08945930,0.04385814,0.04794858,-0.01316692,-0.00205374,0.00444203,-0.01600700,-0.00652487,0.01276766,-0.06597672
0.02551291,-0.02466297,0.03179351,-0.02373254,0.00487386,0.00815170,-0.00823477,-0.00690501,-0.00536022,-0.03951218,0.01871138,0.00767001,-0.01155367,-0.01335936,0.01523902,-0.00085516,-0.00176835,-0.00630059,-0.01698048,0.00170062,0.00657629,0.01378361,-0.02266727,0.07630393,0.05298389,-0.11199241,0.03699445,-0.02387625,-0.00003946,0.01391817,-0.00705144,0.01295234,-0.00255199,0.00562152,0.01913449,-0.00442697,0.00519357,-0.00925588,-0.00001458,-0.03509230
0.04769387,-0.03806429,0.02684411,-0.01296911,0.00329049,-0.01048074,0.00369267,0.00512049,0.01042857,-0.03523136,0.00023968,-0.00497651,-0.02990627,-0.00620676,0.00283720,-0.01483779,0.01532836,-0.00397289,0.01342688,-0.00390508,-0.00986466,0.00862325,0.00326060,-0.04271287,-0.04092804,0.08821748,-0.09240383,0.07817649,0.01742874,0.06019784,-0.01203702,0.00454199,-0.00260042,0.01173197,-0.02642592,0.01185832,-0.01597577,-0.02819054,-0.00578786,0.06693695
0.03056914,-0.03496462,0.03122355,-0.01131838,0.02200920,0.00021323,0.00673550,0.01354397,0.01083375,-0.09142158,-0.05566448,-0.02449192,-0.05228016,-0.00260587,0.00747407,-0.02150411,-0.01054172,-0.02434956,-0.00701473,-0.01683126,0.01143957,-0.01237289,-0.00298667,-0.00043825,-0.03267120,0.08984852,0.10042702,-0.06051462,0.10614437,-0.06432022,0.02486545,0.02321153,0.03786797,0.03374316,0.02762368,0.00737183,0.00073644,-0.02979093,0.06041950,-0.12092610
0.01296766,-0.00419877,-0.00749177,0.06286282,-0.03222783,0.00394063,0.00414784,0.01176900,-0.05440466,0.01403406,0.00979694,-0.04813492,-0.07113709,0.00462906,-0.03971821,0.02879657,-0.02375991,0.01790696,-0.00408616,0.00707375,-0.00370665,0.01033023,-0.02560070,-0.03730455,0.03764640,-0.00686810,-0.07950848,0.11876293,0.06565118,0.02778711,0.00253090,0.00368190,0.02114348,-0.03422314,-0.00653690,-0.00832333,-0.03526451,-0.01193670,-0.06738684,0.10595388
0.00123871,0.00457376,-0.01658530,0.05932625,-0.02670676,0.01110313,0.00953791,-0.00139481,-0.01765002,-0.02495879,-0.03645741,-0.02218105,0.01628857,-0.03116741,0.01003150,0.00906050,-0.00331569,0.00101441,-0.00933687,-0.00012744,0.00273467,-0.02593457,0.01736523,0.00264048,0.10485976,-0.07785424,0.11766727,-0.04475170,0.00816009,-0.07910459,-0.02922168,-0.00088364,-0.03586444,0.00074363,0.00695682,-0.00390681,0.02939382,0.02425804,0.00967645,-0.04945208
-0.00765741,0.01095583,-0.01242844,0.01579289,-0.00523931,-0.00810272,0.00001625,0.00814468,-0.01811769,0.01251477,-0.00636519,0.00176590,0.02102287,-0.04060358,0.02529702,0.02508008,-0.01680407,0.00934998,0.01015934,-0.00012720,0.00040852,-0.00570774,0.00516470,-0.01250099,-0.00395999,0.06534791,-0.04856061,0.01903966,-0.01401516,0.03731652,-0.06105302,0.02678683,0.00562452,-0.00992911,-0.01737926,-0.00047998,-0.00780596,-0.00948065,0.00744080,0.01535628
0.01294962,0.03222872,-0.02556098,0.00355060,-0.01301805,0.01128334,-0.00869579,-0.02117186,0.04396886,0.06592082,-0.03514471,0.02482588,0.04808214,0.00503064,-0.00026293,0.01777505,-0.01332978,0.01154801,-0.01155158,-0.00866797,0.02145260,-0.00525695,0.02124692,0.02331603,0.01463180,-0.17965845,0.01434022,-0.06720306,-0.03681257,-0.03722857,0.01796148,-0.01322582,0.00279897,0.00140650,0.02391554,0.00012202,0.03021356,0.02003404,-0.01596451,-0.01079470
-0.03036537,0.07438349,-0.04642707,0.02705305,0.00402949,-0.01632719,0.00765829,-0.00439047,0.03374111,0.01244204,0.01633093,-0.05395392,0.04706541,0.00457359,0.00178318,-0.01527802,0.01497311,0.00095821,0.00720827,0.00013170,-0.00172888,-0.01605751,0.00873620,0.00484209,-0.09142424,0.10832387,-0.06932195,0.01525676,-0.05193300,0.03189196,-0.01784521,0.00263860,-0.00406525,-0.00711063,-0.00044532,0.01185369,-0.01757402,0.05006758,0.01250032,0.01481887
0.00732609,-0.01524501,0.05975612,-0.04007172,0.01277389,-0.00259817,-0.02211409,0.00842792,-0.03741447,0.02461682,0.05230623,0.00389333,-0.00657096,0.00370135,-0.00965185,0.00712019,-0.01283577,0.01531288,-0.00801108,0.00921231,0.00127757,0.03262288,-0.05100829,0.01977764,0.03762133,-0.03576156,0.01481710,-0.07634050,-0.01006625,0.06390769,0.00986305,0.01352825,0.01312451,-0.00408188,-0.00496083,-0.00862260,-0.02041857,-0.02728872,0.00320223,0.04638165
-0.00547604,-0.00232487,-0.01173353,0.01477757,0.00127979,-0.00513697,-0.00206820,-0.01019185,0.02477508,0.00385966,-0.00158192,0.07614952,0.01233772,0.03801439,-0.00869750,-0.00398451,0.00202418,0.02744607,0.00351381,-0.00114905,-0.01329779,0.01306674,0.02437420,-0.00837014,-0.01748070,0.07052330,0.00769433,-0.03006261,-0.10682099,-0.00134580,-0.00148642,-0.02329018,-0.02239997,-0.04116963,-0.01046891,-0.00178773,0.01005646,0.01897994,-0.03403895,0.06609822
-0.00177514,-0.01313192,0.03654464,-0.05154489,0.01890529,0.00406249,0.01189996,-0.00739808,0.02297707,-0.00445780,0.00858220,-0.00048958,-0.02231941,0.02386201,0.03517715,-0.01969333,0.02739622,-0.03754083,-0.00093673,0.01304158,-0.01199458,0.00046698,-0.00161367,-0.00060910,-0.00122596,-0.03934802,0.00334468,0.00525049,0.04649590,-0.17459510,0.07318843,-0.02655570,-0.02562522,0.03728041,0.00256257,-0.00375975,0.02716855,-0.02613962,0.05907248,-0.04120680
#END matrice de controle

#BEGIN MI
1.00000000,0.00000000,1.00000000,0.00000000,1.00000000,1.00000000,-1.00000000,-1.00000000,0.00000000,1.00000000,1.00000000,1.00000000,-1.00000000,-1.00000000,1.00000000,2.00000000,1.00000000,2.00000000,1.00000000,-3.00000000,-2.00000000,3.00000000,2.00000000,1.00000000,1.00000000,2.00000000,-4.00000000,-2.00000000,4.00000000,2.00000000,1.00000000,1.00000000,0.00000000,1.00000000,2.00000000,2.00000000,2.00000000,-1.00000000,-1.00000000,-1.00000000,-1.00000000,0.00000000,-1.00000000,-1.00000000,-2.00000000,-1.00000000,-1.00000000,0.00000000,0.00000000,-2.00000000,-2.00000000,-2.00000000,-1.00000000,-1.00000000,0.00000000,0.00000000,-1.00000000,-4.00000000,-2.00000000,0.00000000,0.00000000,0.00000000,0.00000000,2.00000000,5.00000000,3.00000000,1.00000000,1.00000000,1.00000000,4.00000000,3.00000000,2.00000000,1.00000000,1.00000000
1.00000000,0.00000000,1.00000000,0.00000000,1.00000000,1.00000000,-1.00000000,-1.00000000,0.00000000,1.00000000,1.00000000,1.00000000,-1.00000000,-1.00000000,0.00000000,1.00000000,1.00000000,2.00000000,1.00000000,-2.00000000,-2.00000000,0.00000000,2.00000000,1.00000000,1.00000000,2.00000000,-2.00000000,-4.00000000,-1.00000000,4.00000000,2.00000000,2.00000000,-3.00000000,-1.00000000,3.00000000,2.00000000,2.00000000,-1.00000000,0.00000000,-1.00000000,-1.00000000,0.00000000,-1.00000000,-1.00000000,-1.00000000,-1.00000000,-1.00000000,0.00000000,-1.00000000,-1.00000000,-1.00000000,-1.00000000,-2.00000000,-1.00000000,0.00000000,0.00000000,0.00000000,-2.00000000,-3.00000000,-2.00000000,0.00000000,-1.00000000,0.00000000,0.00000000,0.00000000,-1.00000000,0.00000000,0.00000000,1.00000000,3.00000000,5.00000000,3.00000000,1.00000000,1.00000000
1.00000000,0.00000000,1.00000000,0.00000000,1.00000000,1.00000000,-1.00000000,-1.00000000,-1.00000000,1.00000000,1.00000000,1.00000000,0.00000000,-1.00000000,-1.00000000,1.00000000,1.00000000,2.00000000,1.00000000,-1.00000000,-2.00000000,-2.00000000,1.00000000,2.00000000,2.00000000,3.00000000,-1.00000000,-2.00000000,-3.00000000,-1.00000000,4.00000000,3.00000000,-1.00000000,-2.00000000,0.00000000,3.00000000,3.00000000,-1.00000000,0.00000000,-1.00000000,-1.00000000,0.00000000,-1.00000000,0.00000000,-1.00000000,-1.00000000,-1.00000000,0.00000000,-1.00000000,0.00000000,0.00000000,-1.00000000,-2.00000000,-2.00000000,-1.00000000,-1.00000000,1.00000000,0.00000000,-1.00000000,-4.00000000,-2.00000000,-1.00000000,0.00000000,1.00000000,1.00000000,1.00000000,0.00000000,0.00000000,1.00000000,1.00000000,3.00000000,5.00000000,3.00000000,2.00000000
1.00000000,-1.00000000,0.00000000,0.00000000,1.00000000,1.00000000,-1.00000000,-1.00000000,-1.00000000,0.00000000,1.00000000,1.00000000,0.00000000,-1.00000000,-2.00000000,0.00000000,1.00000000,3.00000000,1.00000000,-1.00000000,-2.00000000,-3.00000000,-3.00000000,4.00000000,3.00000000,3.00000000,-1.00000000,-1.00000000,-1.00000000,-2.00000000,1.00000000,3.00000000,-1.00000000,-1.00000000,0.00000000,1.00000000,2.00000000,-1.00000000,0.00000000,-1.00000000,-1.00000000,0.00000000,-1.00000000,0.00000000,-1.00000000,-1.00000000,-1.00000000,-1.00000000,-1.00000000,0.00000000,0.00000000,-1.00000000,-3.00000000,-3.00000000,-1.00000000,-1.00000000,1.00000000,0.00000000,0.00000000,-1.00000000,-1.00000000,-1.00000000,0.00000000,1.00000000,1.00000000,2.00000000,3.00000000,4.00000000,2.00000000,1.00000000,2.00000000,2.00000000,3.00000000,2.00000000
0.00000000,-1.00000000,0.00000000,0.00000000,1.00000000,1.00000000,-1.00000000,-2.00000000,-2.00000000,-1.00000000,2.00000000,2.00000000,-1.00000000,-2.00000000,-3.00000000,-3.00000000,4.00000000,3.00000000,1.00000000,-1.00000000,-2.00000000,-3.00000000,-1.00000000,2.00000000,2.00000000,2.00000000,-1.00000000,-1.00000000,0.00000000,0.00000000,1.00000000,2.00000000,0.00000000,-1.00000000,0.00000000,1.00000000,1.00000000,-1.00000000,-1.00000000,-1.00000000,-2.00000000,-1.00000000,-1.00000000,0.00000000,-1.00000000,-1.00000000,-3.00000000,-2.00000000,-2.00000000,0.00000000,0.00000000,-1.00000000,-3.00000000,-2.00000000,0.00000000,0.00000000,1.00000000,0.00000000,2.00000000,4.00000000,4.00000000,1.00000000,1.00000000,1.00000000,1.00000000,2.00000000,2.00000000,2.00000000,2.00000000,1.00000000,2.00000000,2.00000000,2.00000000,1.00000000
1.00000000,-2.00000000,0.00000000,1.00000000,2.00000000,2.00000000,-2.00000000,-3.00000000,-3.00000000,3.00000000,3.00000000,2.00000000,-1.00000000,-3.00000000,-4.00000000,4.00000000,2.00000000,2.00000000,1.00000000,-1.00000000,-2.00000000,-2.00000000,1.00000000,2.00000000,1.00000000,2.00000000,-1.00000000,-1.00000000,0.00000000,0.00000000,0.00000000,1.00000000,0.00000000,-1.00000000,0.00000000,1.00000000,1.00000000,-2.00000000,-1.00000000,-2.00000000,-2.00000000,-1.00000000,-1.00000000,-1.00000000,-1.00000000,-3.00000000,-4.00000000,-1.00000000,-1.00000000,0.00000000,1.00000000,2.00000000,2.00000000,1.00000000,0.00000000,0.00000000,1.00000000,1.00000000,3.00000000,3.00000000,2.00000000,0.00000000,0.00000000,1.00000000,2.00000000,2.00000000,2.00000000,1.00000000,1.00000000,1.00000000,1.00000000,1.00000000,1.00000000,1.00000000
1.00000000,-1.00000000,1.00000000,1.00000000,1.00000000,1.00000000,-3.00000000,-2.00000000,1.00000000,2.00000000,2.00000000,1.00000000,-2.00000000,-4.00000000,4.00000000,3.00000000,1.00000000,2.00000000,1.00000000,-2.00000000,-2.00000000,1.00000000,2.00000000,1.00000000,1.00000000,2.00000000,-1.00000000,-1.00000000,1.00000000,1.00000000,1.00000000,1.00000000,0.00000000,0.00000000,1.00000000,1.00000000,1.00000000,-1.00000000,-2.00000000,-2.00000000,-1.00000000,0.00000000,-1.00000000,-1.00000000,-4.00000000,-4.00000000,-1.00000000,0.00000000,0.00000000,0.00000000,2.00000000,1.00000000,0.00000000,0.00000000,0.00000000,0.00000000,2.00000000,3.00000000,4.00000000,2.00000000,1.00000000,0.00000000,0.00000000,2.00000000,3.00000000,3.00000000,1.00000000,1.00000000,1.00000000,1.00000000,2.00000000,1.00000000,1.00000000,1.00000000
1.00000000,0.00000000,1.00000000,1.00000000,1.00000000,1.00000000,-1.00000000,0.00000000,1.00000000,1.00000000,1.00000000,1.00000000,-3.00000000,0.00000000,2.00000000,2.00000000,1.00000000,1.00000000,1.00000000,-4.00000000,0.00000000,4.00000000,2.00000000,1.00000000,1.00000000,1.00000000,-2.00000000,0.00000000,2.00000000,1.00000000,1.00000000,1.00000000,0.00000000,0.00000000,1.00000000,1.00000000,1.00000000,-1.00000000,-1.00000000,-1.00000000,-1.00000000,0.00000000,0.00000000,-2.00000000,-3.00000000,-2.00000000,-1.00000000,0.00000000,0.00000000,-2.00000000,-4.00000000,-1.00000000,-1.00000000,0.00000000,0.00000000,0.00000000,2.00000000,5.00000000,3.00000000,1.00000000,1.00000000,0.00000000,0.00000000,3.00000000,4.00000000,3.00000000,1.00000000,1.00000000,1.00000000,2.00000000,2.00000000,2.00000000,1.00000000,1.00000000
0.00000000,0.00000000,1.00000000,0.00000000,0.00000000,1.00000000,-1.00000000,0.00000000,0.00000000,1.00000000,1.00000000,0.00000000,0.00000000,0.00000000,1.00000000,1.00000000,0.00000000,1.00000000,0.00000000,0.00000000,1.00000000,1.00000000,1.00000000,1.00000000,0.00000000,1.00000000,3.00000000,3.00000000,2.00000000,1.00000000,1.00000000,0.00000000,2.00000000,1.00000000,1.00000000,1.00000000,1.00000000,0.00000000,0.00000000,0.00000000,0.00000000,1.00000000,0.00000000,-1.00000000,-1.00000000,0.00000000,0.00000000,1.00000000,0.00000000,-2.00000000,-1.00000000,0.00000000,0.00000000,0.00000000,0.00000000,0.00000000,-3.00000000,-1.00000000,1.00000000,1.00000000,1.00000000,0.00000000,1.00000000,1.00000000,2.00000000,2.00000000,1.00000000,1.00000000,1.00000000,3.00000000,2.00000000,1.00000000,1.00000000,1.00000000
0.00000000,-1.00000000,1.00000000,0.00000000,0.00000000,1.00000000,-1.00000000,-1.00000000,0.00000000,1.00000000,0.00000000,0.00000000,0.00000000,0.00000000,0.00000000,1.00000000,0.00000000,1.00000000,0.00000000,-1.00000000,0.00000000,1.00000000,1.00000000,1.00000000,0.00000000,1.00000000,-1.00000000,2.00000000,2.00000000,1.00000000,1.00000000,1.00000000,5.00000000,2.00000000,2.00000000,1.00000000,1.00000000,0.00000000,0.00000000,0.00000000,0.00000000,1.00000000,0.00000000,-1.00000000,-1.00000000,-1.00000000,0.00000000,1.00000000,0.00000000,-1.00000000,-1.00000000,-1.00000000,-1.00000000,0.00000000,0.00000000,0.00000000,-1.00000000,-2.00000000,0.00000000,0.00000000,0.00000000,0.00000000,0.00000000,-4.00000000,-2.00000000,0.00000000,0.00000000,0.00000000,1.00000000,1.00000000,1.00000000,1.00000000,0.00000000,1.00000000
0.00000000,0.00000000,1.00000000,0.00000000,1.00000000,1.00000000,-1.00000000,-1.00000000,0.00000000,0.00000000,0.00000000,0.00000000,0.00000000,-1.00000000,0.00000000,1.00000000,0.00000000,1.00000000,0.00000000,-1.00000000,-1.00000000,1.00000000,1.00000000,1.00000000,1.00000000,1.00000000,-1.00000000,0.00000000,2.00000000,2.00000000,1.00000000,1.00000000,-2.00000000,4.00000000,3.00000000,2.00000000,2.00000000,0.00000000,0.00000000,0.00000000,0.00000000,1.00000000,0.00000000,0.00000000,-1.00000000,-1.00000000,0.00000000,0.00000000,0.00000000,-1.00000000,-1.00000000,-1.00000000,-1.00000000,0.00000000,0.00000000,0.00000000,0.00000000,-1.00000000,-1.00000000,0.00000000,0.00000000,0.00000000,0.00000000,-1.00000000,-2.00000000,-1.00000000,-1.00000000,0.00000000,0.00000000,-4.00000000,-1.00000000,0.00000000,0.00000000,1.00000000
1.00000000,0.00000000,1.00000000,0.00000000,1.00000000,1.00000000,0.00000000,-1.00000000,0.00000000,1.00000000,1.00000000,1.00000000,0.00000000,-1.00000000,0.00000000,1.00000000,1.00000000,1.00000000,1.00000000,-1.00000000,-1.00000000,0.00000000,0.00000000,1.00000000,1.00000000,2.00000000,-1.00000000,-1.00000000,1.00000000,1.00000000,2.00000000,2.00000000,-2.00000000,-2.00000000,4.00000000,3.00000000,3.00000000,0.00000000,0.00000000,0.00000000,0.00000000,1.00000000,0.00000000,0.00000000,0.00000000,-1.00000000,0.00000000,0.00000000,0.00000000,0.00000000,0.00000000,-1.00000000,-1.00000000,-1.00000000,0.00000000,0.00000000,0.00000000,-1.00000000,-1.00000000,-1.00000000,-1.00000000,-1.00000000,0.00000000,0.00000000,-1.00000000,-2.00000000,-2.00000000,-1.00000000,0.00000000,-2.00000000,-4.00000000,-2.00000000,0.00000000,0.00000000
1.00000000,0.00000000,1.00000000,1.00000000,1.00000000,1.00000000,0.00000000,0.00000000,0.00000000,1.00000000,1.00000000,1.00000000,1.00000000,0.00000000,0.00000000,1.00000000,1.00000000,2.00000000,1.00000000,0.00000000,0.00000000,0.00000000,1.00000000,1.00000000,2.00000000,2.00000000,0.00000000,-1.00000000,0.00000000,0.00000000,2.00000000,3.00000000,-1.00000000,-2.00000000,-2.00000000,5.00000000,4.00000000,0.00000000,0.00000000,0.00000000,0.00000000,1.00000000,0.00000000,0.00000000,-1.00000000,-1.00000000,0.00000000,0.00000000,0.00000000,0.00000000,0.00000000,-1.00000000,-1.00000000,-1.00000000,-1.00000000,0.00000000,0.00000000,0.00000000,0.00000000,-1.00000000,-1.00000000,-1.00000000,-1.00000000,0.00000000,0.00000000,-1.00000000,-3.00000000,-2.00000000,-1.00000000,0.00000000,-1.00000000,-2.00000000,-3.00000000,-1.00000000
1.00000000,0.00000000,1.00000000,1.00000000,1.00000000,1.00000000,0.00000000,-1.00000000,0.00000000,1.00000000,1.00000000,1.00000000,0.00000000,0.00000000,0.00000000,1.00000000,0.00000000,2.00000000,1.00000000,0.00000000,0.00000000,-1.00000000,0.00000000,0.00000000,2.00000000,3.00000000,0.00000000,-1.00000000,-1.00000000,-2.00000000,0.00000000,4.00000000,0.00000000,-2.00000000,-3.00000000,-3.00000000,6.00000000,0.00000000,0.00000000,0.00000000,0.00000000,0.00000000,0.00000000,0.00000000,0.00000000,-1.00000000,0.00000000,0.00000000,-1.00000000,0.00000000,0.00000000,0.00000000,-1.00000000,-1.00000000,-1.00000000,-1.00000000,1.00000000,0.00000000,0.00000000,-1.00000000,-2.00000000,-2.00000000,-1.00000000,0.00000000,1.00000000,0.00000000,-1.00000000,-4.00000000,-3.00000000,0.00000000,1.00000000,1.00000000,2.00000000,0.00000000
1.00000000,0.00000000,1.00000000,0.00000000,1.00000000,1.00000000,0.00000000,-1.00000000,-1.00000000,0.00000000,0.00000000,1.00000000,0.00000000,-1.00000000,-1.00000000,0.00000000,-1.00000000,1.00000000,1.00000000,0.00000000,-1.00000000,-1.00000000,-2.00000000,-2.00000000,1.00000000,4.00000000,0.00000000,-1.00000000,0.00000000,-2.00000000,-4.00000000,4.00000000,0.00000000,-1.00000000,-1.00000000,-1.00000000,1.00000000,0.00000000,0.00000000,0.00000000,0.00000000,0.00000000,-1.00000000,0.00000000,0.00000000,0.00000000,0.00000000,0.00000000,-1.00000000,0.00000000,0.00000000,0.00000000,-1.00000000,-2.00000000,-2.00000000,-2.00000000,1.00000000,0.00000000,1.00000000,0.00000000,-2.00000000,-4.00000000,-2.00000000,1.00000000,1.00000000,1.00000000,0.00000000,1.00000000,3.00000000,0.00000000,1.00000000,1.00000000,3.00000000,6.00000000
0.00000000,0.00000000,0.00000000,0.00000000,0.00000000,1.00000000,0.00000000,-1.00000000,-1.00000000,0.00000000,0.00000000,0.00000000,0.00000000,-1.00000000,-1.00000000,-1.00000000,-2.00000000,1.00000000,3.00000000,-1.00000000,-1.00000000,-1.00000000,-2.00000000,-4.00000000,-2.00000000,6.00000000,0.00000000,-1.00000000,0.00000000,-1.00000000,-1.00000000,0.00000000,0.00000000,-1.00000000,0.00000000,0.00000000,1.00000000,0.00000000,0.00000000,0.00000000,-1.00000000,0.00000000,-1.00000000,0.00000000,0.00000000,0.00000000,-1.00000000,-1.00000000,-2.00000000,0.00000000,0.00000000,0.00000000,-1.00000000,-2.00000000,-4.00000000,-3.00000000,1.00000000,1.00000000,1.00000000,1.00000000,1.00000000,1.00000000,1.00000000,1.00000000,1.00000000,1.00000000,1.00000000,2.00000000,5.00000000,1.00000000,1.00000000,2.00000000,2.00000000,3.00000000
0.00000000,-1.00000000,0.00000000,-1.00000000,-1.00000000,1.00000000,-1.00000000,-1.00000000,-2.00000000,-2.00000000,-2.00000000,0.00000000,0.00000000,-1.00000000,-2.00000000,-2.00000000,-5.00000000,2.00000000,4.00000000,-1.00000000,-1.00000000,-1.00000000,-2.00000000,-2.00000000,0.00000000,3.00000000,-1.00000000,-1.00000000,0.00000000,-1.00000000,-1.00000000,1.00000000,0.00000000,-1.00000000,0.00000000,0.00000000,1.00000000,-1.00000000,0.00000000,-1.00000000,-1.00000000,-1.00000000,-3.00000000,0.00000000,0.00000000,0.00000000,-1.00000000,-2.00000000,-5.00000000,0.00000000,0.00000000,0.00000000,0.00000000,0.00000000,2.00000000,1.00000000,1.00000000,1.00000000,1.00000000,1.00000000,3.00000000,4.00000000,3.00000000,1.00000000,1.00000000,1.00000000,1.00000000,2.00000000,2.00000000,0.00000000,1.00000000,1.00000000,1.00000000,2.00000000
-1.00000000,-2.00000000,-1.00000000,-2.00000000,-1.00000000,3.00000000,-1.00000000,-2.00000000,-3.00000000,-3.00000000,-3.00000000,4.00000000,-1.00000000,-2.00000000,-2.00000000,-2.00000000,-1.00000000,2.00000000,2.00000000,-1.00000000,-1.00000000,-1.00000000,-1.00000000,-1.00000000,0.00000000,2.00000000,-1.00000000,-1.00000000,-1.00000000,-1.00000000,-1.00000000,0.00000000,0.00000000,-1.00000000,0.00000000,0.00000000,1.00000000,-2.00000000,0.00000000,-1.00000000,-2.00000000,-4.00000000,-4.00000000,0.00000000,-1.00000000,0.00000000,-1.00000000,0.00000000,0.00000000,0.00000000,0.00000000,1.00000000,1.00000000,4.00000000,2.00000000,1.00000000,1.00000000,0.00000000,1.00000000,1.00000000,2.00000000,1.00000000,1.00000000,0.00000000,1.00000000,1.00000000,1.00000000,1.00000000,1.00000000,0.00000000,0.00000000,1.00000000,1.00000000,1.00000000
-1.00000000,-2.00000000,-2.00000000,-3.00000000,4.00000000,3.00000000,-2.00000000,-2.00000000,-3.00000000,-2.00000000,3.00000000,2.00000000,-1.00000000,-2.00000000,-2.00000000,0.00000000,0.00000000,2.00000000,1.00000000,-1.00000000,-1.00000000,-1.00000000,-1.00000000,0.00000000,0.00000000,1.00000000,-1.00000000,-1.00000000,0.00000000,0.00000000,0.00000000,0.00000000,0.00000000,-1.00000000,0.00000000,0.00000000,1.00000000,-5.00000000,-1.00000000,-1.00000000,-4.00000000,-2.00000000,-1.00000000,0.00000000,0.00000000,1.00000000,3.00000000,3.00000000,0.00000000,0.00000000,1.00000000,2.00000000,2.00000000,2.00000000,1.00000000,0.00000000,1.00000000,1.00000000,1.00000000,1.00000000,1.00000000,0.00000000,0.00000000,0.00000000,1.00000000,1.00000000,1.00000000,1.00000000,1.00000000,0.00000000,0.00000000,0.00000000,0.00000000,1.00000000
3.00000000,-4.00000000,-2.00000000,4.00000000,3.00000000,2.00000000,-2.00000000,-3.00000000,-2.00000000,3.00000000,2.00000000,1.00000000,-1.00000000,-2.00000000,-1.00000000,1.00000000,1.00000000,2.00000000,1.00000000,-1.00000000,-1.00000000,0.00000000,0.00000000,0.00000000,1.00000000,1.00000000,-1.00000000,0.00000000,0.00000000,0.00000000,0.00000000,1.00000000,0.00000000,-1.00000000,0.00000000,0.00000000,1.00000000,-4.00000000,-1.00000000,-3.00000000,-1.00000000,0.00000000,-1.00000000,1.00000000,1.00000000,4.00000000,3.00000000,1.00000000,0.00000000,1.00000000,2.00000000,3.00000000,2.00000000,1.00000000,1.00000000,0.00000000,2.00000000,1.00000000,2.00000000,2.00000000,1.00000000,0.00000000,0.00000000,1.00000000,1.00000000,1.00000000,1.00000000,1.00000000,1.00000000,0.00000000,1.00000000,1.00000000,0.00000000,1.00000000
2.00000000,-2.00000000,4.00000000,2.00000000,2.00000000,2.00000000,-3.00000000,-3.00000000,3.00000000,2.00000000,2.00000000,1.00000000,-1.00000000,-1.00000000,1.00000000,2.00000000,1.00000000,2.00000000,1.00000000,-1.00000000,0.00000000,0.00000000,0.00000000,1.00000000,0.00000000,1.00000000,0.00000000,0.00000000,1.00000000,0.00000000,0.00000000,1.00000000,0.00000000,0.00000000,0.00000000,1.00000000,1.00000000,-1.00000000,-4.00000000,-2.00000000,-1.00000000,0.00000000,0.00000000,2.00000000,4.00000000,2.00000000,1.00000000,1.00000000,0.00000000,2.00000000,3.00000000,3.00000000,1.00000000,1.00000000,0.00000000,0.00000000,2.00000000,2.00000000,2.00000000,1.00000000,1.00000000,0.00000000,0.00000000,1.00000000,1.00000000,2.00000000,1.00000000,1.00000000,1.00000000,1.00000000,1.00000000,1.00000000,1.00000000,1.00000000
2.00000000,2.00000000,3.00000000,2.00000000,2.00000000,1.00000000,0.00000000,4.00000000,2.00000000,2.00000000,1.00000000,1.00000000,-1.00000000,2.00000000,2.00000000,2.00000000,1.00000000,1.00000000,1.00000000,-1.00000000,0.00000000,1.00000000,1.00000000,1.00000000,1.00000000,1.00000000,0.00000000,0.00000000,1.00000000,1.00000000,1.00000000,1.00000000,0.00000000,0.00000000,1.00000000,1.00000000,1.00000000,-1.00000000,-3.00000000,-1.00000000,-1.00000000,0.00000000,0.00000000,0.00000000,0.00000000,0.00000000,0.00000000,1.00000000,0.00000000,5.00000000,4.00000000,2.00000000,0.00000000,0.00000000,0.00000000,0.00000000,4.00000000,3.00000000,2.00000000,2.00000000,1.00000000,0.00000000,0.00000000,2.00000000,2.00000000,2.00000000,1.00000000,1.00000000,1.00000000,1.00000000,1.00000000,1.00000000,1.00000000,1.00000000
1.00000000,1.00000000,1.00000000,1.00000000,1.00000000,1.00000000,1.00000000,2.00000000,1.00000000,1.00000000,1.00000000,0.00000000,3.00000000,3.00000000,1.00000000,1.00000000,0.00000000,1.00000000,0.00000000,0.00000000,1.00000000,1.00000000,1.00000000,0.00000000,0.00000000,1.00000000,0.00000000,1.00000000,1.00000000,0.00000000,0.00000000,0.00000000,0.00000000,0.00000000,1.00000000,0.00000000,1.00000000,0.00000000,-1.00000000,0.00000000,0.00000000,1.00000000,0.00000000,-3.00000000,-1.00000000,0.00000000,1.00000000,1.00000000,0.00000000,1.00000000,2.00000000,1.00000000,0.00000000,1.00000000,1.00000000,1.00000000,6.00000000,3.00000000,2.00000000,2.00000000,1.00000000,1.00000000,1.00000000,3.00000000,3.00000000,2.00000000,1.00000000,1.00000000,1.00000000,2.00000000,2.00000000,1.00000000,1.00000000,1.00000000
1.00000000,0.00000000,1.00000000,0.00000000,1.00000000,1.00000000,0.00000000,0.00000000,0.00000000,1.00000000,0.00000000,0.00000000,1.00000000,2.00000000,1.00000000,1.00000000,0.00000000,1.00000000,0.00000000,3.00000000,2.00000000,1.00000000,0.00000000,0.00000000,0.00000000,1.00000000,1.00000000,2.00000000,1.00000000,1.00000000,0.00000000,0.00000000,1.00000000,0.00000000,1.00000000,1.00000000,1.00000000,0.00000000,0.00000000,0.00000000,0.00000000,1.00000000,0.00000000,-1.00000000,-1.00000000,0.00000000,1.00000000,1.00000000,0.00000000,-3.00000000,0.00000000,1.00000000,0.00000000,1.00000000,1.00000000,1.00000000,2.00000000,1.00000000,2.00000000,1.00000000,1.00000000,0.00000000,1.00000000,5.00000000,3.00000000,2.00000000,1.00000000,1.00000000,1.00000000,2.00000000,2.00000000,2.00000000,1.00000000,1.00000000
0.00000000,0.00000000,1.00000000,0.00000000,0.00000000,1.00000000,-1.00000000,0.00000000,0.00000000,0.00000000,0.00000000,0.00000000,1.00000000,0.00000000,0.00000000,1.00000000,0.00000000,1.00000000,0.00000000,1.00000000,1.00000000,1.00000000,0.00000000,0.00000000,0.00000000,1.00000000,2.00000000,1.00000000,1.00000000,1.00000000,0.00000000,0.00000000,2.00000000,0.00000000,1.00000000,0.00000000,1.00000000,0.00000000,0.00000000,0.00000000,0.00000000,1.00000000,0.00000000,0.00000000,0.00000000,0.00000000,1.00000000,1.00000000,0.00000000,-1.00000000,0.00000000,0.00000000,0.00000000,0.00000000,1.00000000,1.00000000,0.00000000,0.00000000,1.00000000,1.00000000,1.00000000,0.00000000,1.00000000,1.00000000,1.00000000,1.00000000,1.00000000,1.00000000,1.00000000,1.00000000,1.00000000,1.00000000,1.00000000,1.00000000
0.00000000,0.00000000,1.00000000,0.00000000,0.00000000,1.00000000,-1.00000000,-1.00000000,0.00000000,1.00000000,0.00000000,0.00000000,0.00000000,0.00000000,0.00000000,1.00000000,0.00000000,1.00000000,0.00000000,0.00000000,0.00000000,1.00000000,0.00000000,0.00000000,0.00000000,1.00000000,1.00000000,1.00000000,1.00000000,1.00000000,0.00000000,0.00000000,2.00000000,1.00000000,1.00000000,1.00000000,1.00000000,0.00000000,0.00000000,0.00000000,0.00000000,1.00000000,0.00000000,0.00000000,0.00000000,0.00000000,0.00000000,1.00000000,0.00000000,-1.00000000,0.00000000,0.00000000,0.00000000,0.00000000,0.00000000,0.00000000,0.00000000,-1.00000000,0.00000000,0.00000000,0.00000000,0.00000000,0.00000000,-1.00000000,0.00000000,1.00000000,0.00000000,0.00000000,1.00000000,-1.00000000,1.00000000,1.00000000,1.00000000,1.00000000
0.00000000,-1.00000000,0.00000000,0.00000000,0.00000000,0.00000000,-1.00000000,-1.00000000,-1.00000000,0.00000000,0.00000000,0.00000000,0.00000000,0.00000000,0.00000000,0.00000000,-1.00000000,1.00000000,0.00000000,-1.00000000,-1.00000000,0.00000000,0.00000000,0.00000000,0.00000000,1.00000000,-1.00000000,0.00000000,1.00000000,1.00000000,0.00000000,0.00000000,0.00000000,1.00000000,1.00000000,1.00000000,1.00000000,1.00000000,0.00000000,0.00000000,0.00000000,1.00000000,0.00000000,0.00000000,0.00000000,0.00000000,0.00000000,1.00000000,0.00000000,0.00000000,0.00000000,0.00000000,-1.00000000,0.00000000,0.00000000,0.00000000,0.00000000,-1.00000000,0.00000000,0.00000000,0.00000000,0.00000000,0.00000000,-1.00000000,-1.00000000,0.00000000,-1.00000000,0.00000000,0.00000000,-2.00000000,-1.00000000,0.00000000,0.00000000,0.00000000
0.00000000,0.00000000,1.00000000,0.00000000,0.00000000,1.00000000,-1.00000000,-1.00000000,-1.00000000,0.00000000,0.00000000,0.00000000,0.00000000,0.00000000,0.00000000,0.00000000,0.00000000,1.00000000,0.00000000,0.00000000,-1.00000000,0.00000000,0.00000000,0.00000000,0.00000000,1.00000000,-1.00000000,-1.00000000,0.00000000,0.00000000,0.00000000,1.00000000,-1.00000000,-1.00000000,1.00000000,2.00000000,2.00000000,0.00000000,0.00000000,0.00000000,0.00000000,1.00000000,0.00000000,0.00000000,0.00000000,0.00000000,0.00000000,0.00000000,0.00000000,0.00000000,0.00000000,0.00000000,-1.00000000,0.00000000,0.00000000,0.00000000,0.00000000,-1.00000000,0.00000000,0.00000000,0.00000000,-1.00000000,0.00000000,0.00000000,0.00000000,-1.00000000,-1.00000000,-1.00000000,0.00000000,-2.00000000,-2.00000000,-2.00000000,-1.00000000,0.00000000
2.00000000,1.00000000,2.00000000,2.00000000,3.00000000,3.00000000,1.00000000,1.00000000,1.00000000,2.00000000,2.00000000,2.00000000,2.00000000,1.00000000,1.00000000,2.00000000,1.00000000,3.00000000,2.00000000,1.00000000,1.00000000,1.00000000,2.00000000,2.00000000,2.00000000,3.00000000,1.00000000,1.00000000,2.00000000,2.00000000,2.00000000,3.00000000,1.00000000,0.00000000,1.00000000,3.00000000,4.00000000,0.00000000,1.00000000,1.00000000,0.00000000,1.00000000,0.00000000,0.00000000,0.00000000,0.00000000,0.00000000,1.00000000,0.00000000,0.00000000,1.00000000,0.00000000,-1.00000000,0.00000000,0.00000000,0.00000000,1.00000000,0.00000000,0.00000000,0.00000000,0.00000000,-1.00000000,0.00000000,0.00000000,0.00000000,0.00000000,-1.00000000,-1.00000000,-1.00000000,0.00000000,-1.00000000,-2.00000000,-3.00000000,-1.00000000
1.00000000,0.00000000,1.00000000,1.00000000,1.00000000,1.00000000,0.00000000,0.00000000,0.00000000,1.00000000,1.00000000,1.00000000,1.00000000,0.00000000,0.00000000,1.00000000,0.00000000,2.00000000,1.00000000,0.00000000,0.00000000,0.00000000,0.00000000,0.00000000,1.00000000,2.00000000,0.00000000,0.00000000,0.00000000,0.00000000,0.00000000,1.00000000,0.00000000,-1.00000000,-1.00000000,-1.00000000,0.00000000,0.00000000,1.00000000,0.00000000,0.00000000,1.00000000,0.00000000,0.00000000,0.00000000,0.00000000,0.00000000,1.00000000,0.00000000,0.00000000,1.00000000,0.00000000,-1.00000000,-1.00000000,-1.00000000,-1.00000000,1.00000000,0.00000000,1.00000000,0.00000000,-1.00000000,-1.00000000,-1.00000000,1.00000000,1.00000000,0.00000000,-1.00000000,-2.00000000,-2.00000000,0.00000000,0.00000000,0.00000000,-1.00000000,-3.00000000
1.00000000,0.00000000,1.00000000,0.00000000,1.00000000,1.00000000,0.00000000,0.00000000,0.00000000,0.00000000,0.00000000,0.00000000,1.00000000,0.00000000,-1.00000000,0.00000000,-1.00000000,1.00000000,0.00000000,0.00000000,0.00000000,0.00000000,-1.00000000,-1.00000000,-1.00000000,1.00000000,0.00000000,0.00000000,0.00000000,-1.00000000,-2.00000000,-2.00000000,0.00000000,-1.00000000,-1.00000000,-1.00000000,-2.00000000,0.00000000,1.00000000,0.00000000,0.00000000,0.00000000,-1.00000000,0.00000000,0.00000000,0.00000000,0.00000000,0.00000000,-1.00000000,0.00000000,1.00000000,0.00000000,-1.00000000,-1.00000000,-1.00000000,-2.00000000,1.00000000,1.00000000,1.00000000,0.00000000,-1.00000000,-2.00000000,-3.00000000,1.00000000,1.00000000,1.00000000,0.00000000,0.00000000,0.00000000,1.00000000,1.00000000,1.00000000,1.00000000,2.00000000
0.00000000,0.00000000,1.00000000,0.00000000,0.00000000,0.00000000,0.00000000,0.00000000,-1.00000000,0.00000000,0.00000000,-1.00000000,0.00000000,0.00000000,-1.00000000,0.00000000,-2.00000000,-1.00000000,-1.00000000,0.00000000,0.00000000,-1.00000000,-1.00000000,-2.00000000,-3.00000000,-3.00000000,0.00000000,0.00000000,0.00000000,-1.00000000,-1.00000000,-1.00000000,0.00000000,-1.00000000,0.00000000,0.00000000,0.00000000,0.00000000,1.00000000,0.00000000,0.00000000,0.00000000,-1.00000000,0.00000000,0.00000000,0.00000000,0.00000000,0.00000000,-2.00000000,1.00000000,1.00000000,1.00000000,0.00000000,0.00000000,-1.00000000,-4.00000000,1.00000000,1.00000000,1.00000000,1.00000000,1.00000000,0.00000000,1.00000000,1.00000000,1.00000000,1.00000000,1.00000000,1.00000000,3.00000000,0.00000000,1.00000000,1.00000000,1.00000000,2.00000000
0.00000000,0.00000000,0.00000000,-1.00000000,-1.00000000,-1.00000000,0.00000000,-1.00000000,-1.00000000,-1.00000000,-2.00000000,-3.00000000,0.00000000,-1.00000000,-1.00000000,-1.00000000,-2.00000000,-2.00000000,-1.00000000,0.00000000,0.00000000,-1.00000000,-1.00000000,-1.00000000,-1.00000000,1.00000000,0.00000000,0.00000000,0.00000000,-1.00000000,-1.00000000,0.00000000,0.00000000,-1.00000000,0.00000000,0.00000000,1.00000000,0.00000000,1.00000000,0.00000000,0.00000000,0.00000000,-2.00000000,1.00000000,0.00000000,0.00000000,1.00000000,0.00000000,-1.00000000,1.00000000,1.00000000,1.00000000,0.00000000,1.00000000,2.00000000,5.00000000,2.00000000,1.00000000,1.00000000,2.00000000,2.00000000,2.00000000,4.00000000,1.00000000,1.00000000,2.00000000,1.00000000,1.00000000,2.00000000,1.00000000,1.00000000,1.00000000,1.00000000,2.00000000
-2.00000000,-2.00000000,-2.00000000,-3.00000000,-5.00000000,0.00000000,-2.00000000,-2.00000000,-2.00000000,-2.00000000,-3.00000000,-2.00000000,-1.00000000,-1.00000000,-2.00000000,-1.00000000,-2.00000000,0.00000000,0.00000000,-1.00000000,-1.00000000,-2.00000000,-2.00000000,-1.00000000,-1.00000000,0.00000000,-1.00000000,-1.00000000,-1.00000000,-1.00000000,-1.00000000,-1.00000000,-1.00000000,-1.00000000,0.00000000,-1.00000000,0.00000000,-2.00000000,-1.00000000,-1.00000000,-2.00000000,-1.00000000,0.00000000,-1.00000000,-1.00000000,-1.00000000,0.00000000,1.00000000,3.00000000,-1.00000000,-1.00000000,0.00000000,-1.00000000,0.00000000,1.00000000,1.00000000,0.00000000,-1.00000000,0.00000000,0.00000000,0.00000000,0.00000000,0.00000000,-1.00000000,0.00000000,0.00000000,-1.00000000,0.00000000,0.00000000,-1.00000000,-1.00000000,-1.00000000,-1.00000000,0.00000000
-4.00000000,-2.00000000,-2.00000000,-3.00000000,1.00000000,3.00000000,-2.00000000,-2.00000000,-2.00000000,-1.00000000,0.00000000,1.00000000,0.00000000,-1.00000000,-1.00000000,0.00000000,-1.00000000,1.00000000,1.00000000,-1.00000000,-1.00000000,-1.00000000,-1.00000000,0.00000000,0.00000000,1.00000000,0.00000000,0.00000000,0.00000000,0.00000000,0.00000000,0.00000000,0.00000000,-1.00000000,0.00000000,0.00000000,1.00000000,-2.00000000,0.00000000,0.00000000,2.00000000,4.00000000,1.00000000,0.00000000,0.00000000,1.00000000,2.00000000,2.00000000,1.00000000,0.00000000,0.00000000,1.00000000,0.00000000,1.00000000,1.00000000,0.00000000,1.00000000,0.00000000,1.00000000,1.00000000,1.00000000,0.00000000,0.00000000,0.00000000,0.00000000,1.00000000,0.00000000,0.00000000,0.00000000,-1.00000000,0.00000000,0.00000000,0.00000000,0.00000000
5.00000000,-3.00000000,-1.00000000,2.00000000,2.00000000,2.00000000,-2.00000000,-2.00000000,-1.00000000,1.00000000,1.00000000,1.00000000,0.00000000,-1.00000000,-1.00000000,1.00000000,0.00000000,1.00000000,0.00000000,-1.00000000,0.00000000,0.00000000,0.00000000,0.00000000,0.00000000,1.00000000,0.00000000,0.00000000,0.00000000,0.00000000,0.00000000,0.00000000,0.00000000,-1.00000000,0.00000000,0.00000000,1.00000000,1.00000000,2.00000000,4.00000000,2.00000000,1.00000000,0.00000000,1.00000000,1.00000000,2.00000000,2.00000000,1.00000000,0.00000000,0.00000000,1.00000000,1.00000000,1.00000000,1.00000000,0.00000000,0.00000000,1.00000000,1.00000000,1.00000000,1.00000000,1.00000000,0.00000000,0.00000000,0.00000000,1.00000000,1.00000000,0.00000000,0.00000000,0.00000000,0.00000000,0.00000000,0.00000000,0.00000000,0.00000000
2.00000000,1.00000000,4.00000000,2.00000000,2.00000000,1.00000000,-1.00000000,0.00000000,1.00000000,1.00000000,1.00000000,1.00000000,0.00000000,0.00000000,0.00000000,1.00000000,0.00000000,1.00000000,0.00000000,0.00000000,0.00000000,0.00000000,0.00000000,0.00000000,0.00000000,1.00000000,0.00000000,0.00000000,1.00000000,0.00000000,0.00000000,0.00000000,0.00000000,0.00000000,0.00000000,0.00000000,1.00000000,0.00000000,5.00000000,1.00000000,0.00000000,1.00000000,0.00000000,2.00000000,2.00000000,2.00000000,1.00000000,1.00000000,0.00000000,1.00000000,2.00000000,2.00000000,0.00000000,0.00000000,0.00000000,0.00000000,2.00000000,1.00000000,2.00000000,1.00000000,1.00000000,0.00000000,0.00000000,1.00000000,1.00000000,1.00000000,0.00000000,0.00000000,0.00000000,0.00000000,0.00000000,0.00000000,0.00000000,0.00000000
2.00000000,3.00000000,2.00000000,1.00000000,1.00000000,1.00000000,2.00000000,2.00000000,1.00000000,1.00000000,1.00000000,0.00000000,1.00000000,1.00000000,1.00000000,2.00000000,0.00000000,1.00000000,0.00000000,0.00000000,0.00000000,1.00000000,1.00000000,0.00000000,0.00000000,1.00000000,0.00000000,0.00000000,1.00000000,0.00000000,0.00000000,0.00000000,0.00000000,0.00000000,1.00000000,0.00000000,1.00000000,-1.00000000,0.00000000,0.00000000,0.00000000,0.00000000,0.00000000,3.00000000,1.00000000,0.00000000,0.00000000,1.00000000,0.00000000,2.00000000,2.00000000,1.00000000,0.00000000,0.00000000,0.00000000,0.00000000,3.00000000,1.00000000,2.00000000,1.00000000,0.00000000,0.00000000,0.00000000,1.00000000,1.00000000,1.00000000,0.00000000,0.00000000,0.00000000,0.00000000,1.00000000,0.00000000,0.00000000,0.00000000
1.00000000,1.00000000,1.00000000,1.00000000,1.00000000,1.00000000,2.00000000,1.00000000,0.00000000,1.00000000,0.00000000,0.00000000,3.00000000,1.00000000,1.00000000,1.00000000,0.00000000,1.00000000,0.00000000,1.00000000,1.00000000,0.00000000,0.00000000,0.00000000,-1.00000000,1.00000000,0.00000000,0.00000000,1.00000000,0.00000000,0.00000000,0.00000000,0.00000000,-1.00000000,0.00000000,0.00000000,0.00000000,1.00000000,1.00000000,1.00000000,1.00000000,2.00000000,1.00000000,1.00000000,1.00000000,1.00000000,1.00000000,2.00000000,1.00000000,3.00000000,2.00000000,2.00000000,1.00000000,1.00000000,1.00000000,1.00000000,4.00000000,2.00000000,2.00000000,2.00000000,1.00000000,1.00000000,1.00000000,3.00000000,3.00000000,3.00000000,1.00000000,2.00000000,2.00000000,2.00000000,2.00000000,2.00000000,1.00000000,2.00000000
0.00000000,0.00000000,0.00000000,0.00000000,0.00000000,0.00000000,0.00000000,0.00000000,0.00000000,0.00000000,0.00000000,-1.00000000,2.00000000,1.00000000,0.00000000,0.00000000,-1.00000000,0.00000000,-1.00000000,2.00000000,1.00000000,0.00000000,0.00000000,0.00000000,-1.00000000,0.00000000,1.00000000,1.00000000,1.00000000,0.00000000,-1.00000000,-1.00000000,0.00000000,-1.00000000,0.00000000,0.00000000,0.00000000,1.00000000,1.00000000,1.00000000,1.00000000,2.00000000,1.00000000,0.00000000,1.00000000,1.00000000,1.00000000,2.00000000,1.00000000,1.00000000,1.00000000,2.00000000,1.00000000,1.00000000,1.00000000,1.00000000,2.00000000,2.00000000,2.00000000,2.00000000,2.00000000,1.00000000,1.00000000,3.00000000,3.00000000,2.00000000,2.00000000,2.00000000,2.00000000,2.00000000,2.00000000,2.00000000,2.00000000,2.00000000
#END MI
